5.772354 0.227638 6.443092
7.851265 8.324332 6.729730
6.554759 4.598274 0.414394
1.331006 6.782395 6.251619
7.939658 8.693239 9.586080
2.001705 2.301858 1.534576
6.719558 6.602668 6.762813
1.020363 5.300251 8.685419
9.642680 7.126539 9.996001
1.815300 3.903781 6.263855
6.583155 2.578157 6.163128
2.598671 6.433398 2.799756
0.810838 6.200332 1.190301
8.834360 8.985239 0.223108
3.109976 9.515404 9.706629
8.961476 7.580203 6.588518
0.245547 5.847950 2.547763
1.708023 0.352913 9.389554
1.690900 9.092127 9.385294
7.284421 9.356353 1.693938
2.952866 6.963156 2.494580
0.976169 1.968874 5.456705
0.650370 5.384753 6.758893
1.720531 3.359495 1.383743
3.693822 2.811085 8.876380
5.141299 1.254969 0.062319
3.498619 9.541799 8.519571
9.975231 9.137443 6.966993
1.651192 3.376281 9.501138
6.397281 6.799618 3.217248
8.945470 3.578781 6.803726
9.171679 2.948897 6.690336
5.791047 5.818491 4.033684
9.949237 2.715247 6.903617
2.779004 4.912719 5.310823
3.989201 1.167792 8.047190
8.491685 0.650383 0.633902
6.538948 7.335901 9.577682
2.872487 5.086455 7.758173
5.809784 3.087418 6.558469
7.767749 1.610221 1.435008
1.810944 4.805214 2.862356
7.746772 9.572607 5.348542
5.302678 1.633178 7.759015
2.379731 4.446786 3.147834
5.470550 1.304585 7.121061
9.284460 6.521719 8.535914
4.412315 9.114751 9.036644
9.470248 6.053744 3.735239
7.206784 9.436124 7.167460
8.627767 4.752050 8.405018
8.580926 0.601605 2.675065
3.535857 9.124452 1.266516
4.051662 7.191169 3.952256
0.411195 6.371403 3.824100
6.490607 2.661355 7.992886
7.047554 6.580102 6.954391
3.523990 3.208188 2.255438
8.605406 5.080133 5.284218
2.637559 4.560914 4.189356
0.692420 8.887661 2.849178
5.921439 6.915082 2.141462
0.645766 8.997723 4.712247
6.717465 4.645090 9.029396
9.804690 7.408795 0.240720
0.409980 8.655979 7.257945
2.871710 1.877976 2.319516
3.629975 7.926646 8.721330
9.507496 0.585895 7.653332
4.097851 3.506464 1.732284
3.643870 9.254887 9.498283
1.816011 0.237393 6.686999
0.330325 1.614395 9.077489
6.397490 2.750056 9.171949
0.403931 5.426498 8.325239
9.065324 7.401986 9.286915
0.607728 7.061151 8.689422
6.293429 2.410187 1.385894
6.987654 7.150364 3.396592
7.569446 5.235158 2.856101
8.563025 0.814508 3.158883
0.038298 1.064962 7.578472
2.021755 4.362904 4.767647
9.935291 6.651490 9.489606
8.763400 9.680403 0.706048
1.262283 4.789368 1.455423
4.096097 9.538362 7.299366
6.876463 1.761295 6.589451
9.739565 5.535443 8.698047
5.486694 1.677949 0.902811
0.519040 0.917423 7.944903
0.534480 1.685087 5.036246
4.967748 3.612549 7.009054
2.970557 1.628042 0.377868
2.835577 7.537795 5.880067
8.816052 7.884216 5.400602
8.659319 9.459544 5.386409
1.162824 2.886875 4.659626
7.607271 6.386724 8.377283
3.904838 4.294742 1.400232
0.000000 0.000000 0.000000
