7.087343 8.072974 5.419764
3.544234 6.341150 0.363775
2.175473 3.526685 2.419124
9.095388 7.898398 3.527596
9.998312 0.786964 0.629659
8.909667 5.460162 1.455839
1.337595 0.731816 5.375212
2.536799 4.067953 7.257006
1.794427 8.274823 6.922792
4.652254 9.112036 6.350083
3.608808 3.606374 8.187585
5.876429 5.450071 1.694886
9.439398 7.386790 1.279566
5.895650 2.094085 2.020545
4.004431 4.637950 3.918028
4.349308 1.183769 6.923918
4.323603 3.579468 9.074214
4.070256 5.946179 3.715653
7.448629 4.727104 3.665044
2.597473 1.579617 4.262691
3.655031 6.525329 7.493800
8.461382 9.471978 4.517352
9.283933 4.226583 2.714180
2.125123 7.138005 0.395894
3.354913 2.429717 3.511726
6.037618 5.275734 5.917968
5.194601 7.314331 5.203708
0.990524 3.664755 9.772627
8.083605 1.494660 5.560394
6.478307 4.844168 8.171331
6.824365 5.587676 0.642550
3.771757 2.939310 1.732742
8.524573 4.972707 4.481267
9.448304 0.938487 0.238592
9.252683 0.961644 6.911421
9.202786 2.224686 7.722288
7.731549 9.922176 8.889430
2.082453 0.280022 2.405157
4.289406 2.118485 2.510530
9.144401 1.725543 9.849216
5.769381 3.444628 3.621448
7.045959 9.506391 2.124403
5.092617 5.048250 9.757904
9.015851 7.562267 9.102479
3.608968 3.890172 0.709527
5.766720 9.475067 5.760532
6.708875 2.222945 8.610757
4.089733 8.903231 3.055130
9.370598 2.612658 0.148909
1.874834 6.570182 1.749478
4.285710 6.403561 1.481760
1.307535 9.457701 0.559875
2.279931 6.200421 2.307882
2.977661 1.960830 9.178742
4.381549 0.772468 7.797764
4.143564 0.145751 9.069960
1.786414 1.546045 2.362834
4.983425 0.072441 0.833353
4.617819 4.498322 0.516459
5.426938 6.674470 8.257108
1.889431 2.783116 4.936955
2.852860 2.777466 4.927979
0.912250 2.542983 8.289646
7.432456 0.399060 7.152904
4.382411 9.216204 0.732377
3.623173 5.575373 2.669637
5.773031 8.440975 5.970218
8.633561 1.248817 1.909727
2.054267 1.676836 7.221622
6.927318 3.824838 8.610836
4.336877 0.433506 3.278006
5.024051 2.603628 5.767418
0.693275 7.454175 4.038216
5.821527 3.586856 1.177297
8.631328 6.826276 3.534642
3.987475 6.872644 3.058218
1.548101 8.016324 1.395865
1.519858 6.114752 7.198391
8.707777 9.757113 2.314559
6.231623 5.848991 6.794027
1.715940 1.868661 7.717536
3.011267 6.594503 9.025504
5.450555 9.712513 7.446061
1.277019 8.873850 9.849435
5.562348 6.675305 3.323824
6.576127 2.179515 3.379590
6.552939 0.614838 5.178378
5.721126 5.800248 4.535308
3.882190 5.900080 7.147046
5.722384 9.205761 5.419366
1.844048 9.461144 9.677834
8.362659 8.982150 1.354314
7.031003 7.100368 5.788890
9.753677 3.727410 1.892775
0.691024 0.069031 7.099634
4.118397 8.562315 7.058522
4.698986 5.431873 3.529548
2.986795 6.495790 3.418743
2.660555 0.465461 6.301867
1.844709 3.225375 1.041302
5.725727 3.150022 9.045761
9.169004 5.232969 9.709860
8.200166 3.181880 1.227892
2.946260 0.027302 0.116818
7.140803 8.815795 8.058814
1.357070 5.764955 7.199744
2.698721 7.753876 2.292871
0.105188 0.457199 3.571968
2.484313 2.330995 7.583655
6.854389 3.408956 8.492189
9.406692 8.865488 8.462788
3.178524 7.453125 4.979875
3.291477 4.494459 6.541278
5.610638 7.925083 4.306189
0.129138 0.589604 5.123155
5.547334 2.333206 0.554936
1.456033 5.784851 4.382819
2.410983 9.101835 3.550510
3.953016 8.299614 5.149945
2.916130 4.565052 8.637855
2.503560 4.087411 6.748194
8.085177 6.976942 4.191697
1.156237 7.681316 4.339731
3.855503 1.530623 8.560469
9.547061 7.813178 5.846214
9.206101 0.058995 8.028901
9.113115 5.092238 8.185249
9.330387 4.405536 9.243447
5.931599 7.018980 6.813853
5.833105 1.543918 7.788730
9.785585 5.195363 3.219259
8.804439 0.124050 5.515364
7.479184 8.799344 0.873222
2.732184 6.375877 8.466026
5.409996 3.083350 1.558014
2.828182 3.392360 6.060425
7.721200 3.765391 4.755398
9.694736 0.559132 1.675937
6.576946 1.486672 1.425376
7.147907 1.941333 2.237376
7.574936 9.178321 6.967093
1.307528 5.282649 4.428668
0.408423 5.907560 2.767603
2.730580 0.138675 0.688445
6.375193 1.221901 8.986338
6.152726 0.037360 3.574756
2.593105 8.602456 7.887331
3.299502 2.554717 2.145923
2.482852 9.819894 7.432236
7.575434 0.106972 7.763649
7.775992 2.096803 8.469725
5.584800 6.868220 7.968751
8.193621 2.832151 8.342488
3.409069 1.875866 9.453455
2.640380 3.287558 7.793172
8.118864 5.752106 2.872413
8.456281 2.541327 9.661521
3.337550 5.950121 1.586217
2.812656 7.520360 0.628835
1.403468 5.702853 9.487452
7.846493 8.470090 5.135133
1.887643 7.104750 6.385250
6.291677 5.285101 9.258108
7.127091 2.268086 7.319407
5.612580 1.468655 8.298742
0.375001 4.548180 4.290959
7.718462 8.661848 2.734984
6.019695 6.731405 7.249246
3.819561 0.091141 4.602767
6.668327 7.722721 7.779778
5.805399 4.298195 0.495735
4.791008 0.025113 6.864191
2.412423 2.196826 3.340477
2.433757 3.203776 7.661249
8.198786 3.896044 8.215233
6.297493 8.465801 2.644077
1.333433 5.675504 2.870326
2.425326 7.865155 4.365357
1.649995 1.338094 5.583202
0.113962 9.568950 0.553418
2.950035 0.496930 2.610631
2.725147 7.612605 5.465989
7.901964 7.466546 9.468857
8.187152 8.118171 3.506785
1.259303 7.295356 1.887783
4.904419 9.531842 9.392290
0.517671 5.667605 5.120084
0.233250 5.636303 9.018910
3.989291 7.998129 0.717052
6.139157 4.412028 5.018166
7.315743 3.924715 2.007522
8.698056 6.036584 7.867658
8.462075 0.359448 8.802806
9.075712 0.049489 2.589921
8.456574 2.671875 9.930571
0.757972 2.534400 0.887050
5.696758 5.363139 5.809552
8.353192 9.417825 8.215319
9.710730 3.685788 5.463184
6.571589 6.062405 4.460416
4.463001 3.390121 9.557172
0.747989 5.488651 1.203600
5.446057 7.925059 1.009350
1.250930 2.995379 4.945026
4.701367 4.377902 3.934360
7.834217 4.909937 1.364737
5.351272 2.577523 0.258250
7.890879 2.871286 3.648195
1.102160 7.188561 5.790457
9.921794 1.170468 1.627013
7.282506 6.764187 4.955512
7.385015 8.615237 4.316848
9.556641 8.640159 0.148105
0.904807 9.954638 2.563453
1.854150 3.271477 5.716565
8.376081 3.734693 1.941804
4.778486 8.350686 4.600581
1.078693 1.682365 0.570199
9.495677 4.972462 5.923955
6.334498 2.021583 0.253993
8.041680 6.827735 4.243752
4.606426 9.901239 2.409438
0.572887 7.057477 3.026765
0.728021 5.735476 7.883485
1.723710 5.569573 7.476601
2.099300 1.288310 0.665221
6.971820 6.925030 3.451009
0.421746 8.107975 2.179716
9.004210 5.300184 8.704471
6.962417 4.616842 1.460684
5.745070 6.367830 4.328455
2.393958 3.688714 4.430510
5.441385 2.375078 1.419970
6.693113 9.217901 6.080086
9.351794 3.425900 5.315128
1.454936 9.752097 1.025173
0.593100 1.621791 0.361080
6.587759 2.237773 5.946568
7.239372 7.857546 6.314303
1.746893 8.898622 5.622176
4.842206 3.577591 5.558545
4.792849 6.669726 7.479386
6.703312 0.341892 1.026857
7.994423 7.550677 9.793609
8.095134 4.711663 6.536821
1.768446 2.625002 3.842807
2.160461 4.580392 9.000972
8.595171 8.270036 8.110840
0.191565 5.147014 7.006944
8.991876 4.617788 3.385371
3.571703 4.510987 2.031726
5.885883 6.905833 2.870093
8.264237 8.864201 7.125820
2.373405 0.164116 8.240966
0.371827 6.764035 8.935384
7.554263 6.454641 6.186331
5.752380 1.478487 4.824904
9.912321 4.206783 9.440899
8.719678 0.528834 5.763527
5.616080 3.444193 3.184335
8.024041 4.159851 6.526870
5.912192 5.034363 3.070065
6.946470 4.436348 4.075247
7.173054 7.157392 1.351736
1.407236 0.856142 0.113445
6.396476 2.019576 8.161070
8.862340 8.670382 6.923825
3.040620 5.591702 9.527888
3.385503 2.580039 2.032185
2.071809 1.268780 6.169609
7.809710 9.841460 5.071728
9.449623 9.045133 0.309640
3.224779 6.892750 5.582483
4.175854 7.263275 1.599280
9.202865 3.471559 8.272242
8.292863 3.255684 4.248283
5.683305 4.816892 2.310552
8.415063 5.784971 9.683544
9.892836 5.599903 0.719141
1.546366 0.956910 7.278339
6.333099 9.831729 4.180911
2.182645 0.026249 0.404498
9.212802 7.871497 1.528635
6.156289 7.606845 1.268485
2.360025 0.900701 8.168268
3.310872 9.373503 1.211320
8.607376 2.456705 6.036346
2.417343 5.540291 6.264472
3.571448 1.667862 6.378936
6.071147 6.013466 4.179558
1.992542 8.808964 8.478847
9.520588 1.664062 4.320270
1.826846 4.881142 9.520140
6.817820 7.050992 5.821982
6.217902 9.705649 5.181845
3.833740 7.045483 9.171138
5.459570 2.115172 3.156200
5.027044 7.272117 9.129801
4.746920 4.180574 5.832049
4.221986 5.199709 6.786649
8.148448 1.277632 1.548283
6.788029 1.296699 5.652156
3.295953 3.590639 1.078060
9.609918 6.764090 6.287289
8.350677 2.854439 8.303587
3.669553 1.499782 7.872771
5.928300 8.863936 2.943119
2.453118 2.347506 7.375182
0.944824 1.558756 2.074075
9.635696 0.142236 3.163566
1.867428 3.655590 3.654652
7.590937 8.593068 9.424996
7.116047 9.668346 0.070626
7.481734 1.836823 7.046650
5.705570 9.791651 8.666430
4.059091 9.166439 5.774091
3.382882 1.391378 4.796310
9.644705 8.554335 9.418514
3.806024 9.698729 2.651222
3.137636 1.837890 8.942112
5.391281 7.133840 3.439078
2.576269 0.581574 4.090733
9.570834 8.921449 8.682634
1.900420 2.305016 0.110958
0.094702 6.965968 8.011633
1.392826 8.849466 0.186476
5.106674 7.381870 3.513987
0.793998 5.700569 6.526810
2.902035 5.213890 6.045187
3.228994 4.983457 5.931451
4.761717 2.638494 8.746888
2.065927 5.913509 0.101175
5.537494 2.878282 8.268622
2.680766 9.629078 6.744645
6.283369 7.525478 0.689677
7.062133 4.243808 8.363513
6.327808 7.535856 7.670376
7.949978 2.546038 8.146066
9.165111 9.216925 6.366798
1.322196 7.238468 1.479203
6.134435 6.447554 8.589677
7.371475 8.917136 2.209538
0.331822 3.627876 3.395111
3.439315 5.429211 4.066050
3.318931 5.711839 7.393030
5.822893 0.474905 7.177473
5.687663 6.265183 6.903744
0.973419 4.968246 3.937756
3.287796 2.416095 4.919608
4.787892 1.866590 3.896669
7.371502 9.247605 6.634306
1.085786 3.003181 4.010037
2.103480 9.053937 0.400147
8.462338 8.829748 3.492675
5.374682 4.949368 0.353881
1.044559 4.982571 2.432912
5.824855 4.198021 2.159114
4.759683 5.561432 4.144104
8.646678 8.552538 5.138165
2.602647 1.772762 6.827655
7.873960 5.291690 4.241831
9.201278 3.951311 6.580580
6.405094 7.000885 2.941666
5.127337 4.253780 8.512336
8.335670 8.925484 1.749923
5.544696 0.382639 0.458960
8.125791 4.289219 3.200030
2.845848 2.911249 4.475533
7.202008 1.821936 4.100881
9.733513 7.311888 0.851063
2.900292 9.922071 3.540245
4.443397 9.983595 7.335354
2.369744 8.356765 5.736477
4.406712 6.414916 0.430578
9.427371 9.788492 7.342866
0.846826 8.077856 4.192427
0.873349 1.792752 7.008002
5.168727 6.225586 9.734671
3.813653 6.591782 2.369187
6.365559 9.726517 1.114159
5.538400 2.177638 1.003211
9.497730 9.170917 3.650038
8.687729 3.990450 8.414696
6.954555 6.016333 0.618114
7.288589 1.286903 6.321509
3.384190 9.749329 6.485708
3.865210 9.062157 5.938050
6.445238 5.119171 4.028403
3.021919 4.105155 9.528883
3.683075 6.640443 0.217931
8.883687 1.303290 7.119681
2.597355 9.917420 4.858380
0.265759 3.460218 2.606855
8.628855 4.919892 4.232483
2.590362 5.095828 3.891395
8.703517 7.761690 2.451087
5.817520 9.618442 5.662513
2.977997 4.242784 6.561612
7.688487 3.400726 2.923811
1.936514 0.958620 2.933641
5.183792 0.615450 2.620305
3.713875 4.406018 1.482270
2.711440 0.036657 5.421294
4.905049 2.329215 5.968085
1.789513 9.297786 9.233202
3.880941 0.972829 9.730759
0.497615 2.202380 4.766718
1.711481 6.722035 0.432551
4.708717 3.467164 3.882322
1.540115 7.934851 3.832018
9.567697 6.496019 5.543584
4.849634 8.257097 7.526555
7.601187 0.728333 1.879368
4.809952 7.491781 1.608855
3.171256 5.627843 9.913939
6.226007 9.723256 6.587783
8.886160 4.357063 3.835718
1.491180 9.661322 4.612958
6.193378 2.462569 1.305566
7.785053 2.926470 2.942995
0.214191 0.038323 2.212710
4.576141 3.532346 5.463327
6.442097 3.281188 3.550516
4.017425 7.891292 4.379690
4.380050 4.254295 0.030430
6.116559 0.084016 8.373387
3.825958 0.148306 0.914106
0.935034 7.121376 3.166685
7.639598 9.927810 2.144977
5.622386 4.750875 3.354588
1.912692 5.373194 7.511284
7.161055 2.978839 6.265373
6.338566 6.021453 5.968632
3.492746 9.232332 8.431385
6.257641 5.786679 8.282268
9.544563 4.382042 6.631084
8.367395 8.519403 0.685243
0.272511 1.527060 5.160879
9.793943 8.835065 3.647524
9.926932 4.822614 9.223192
8.193744 2.239363 5.323539
4.609706 1.830311 7.906650
4.466886 0.355416 7.004920
9.177330 3.112323 0.673877
3.233119 5.788111 4.523218
7.893431 9.682675 0.868360
4.021283 2.739496 0.386388
1.884164 0.391854 7.720314
4.645059 2.935027 0.086904
9.294647 0.398621 3.843263
1.175436 3.253744 3.114248
3.726654 5.974098 2.358634
8.123667 9.077804 1.830944
7.630206 9.966578 0.328421
0.356496 8.340405 4.383071
4.015121 2.762783 0.534181
9.742839 6.164954 4.108494
7.700554 0.309931 5.683177
6.027407 2.089561 8.268017
5.767319 9.158955 3.374480
1.014940 5.088708 9.787451
3.854438 5.012074 7.985349
3.006751 2.628175 9.136413
3.152570 2.751387 5.816902
4.441949 0.679594 2.336906
4.471716 7.502082 4.832650
9.112120 0.158243 8.600017
5.707152 8.921425 2.889159
1.105817 8.529045 0.218495
6.929082 0.229818 6.534437
6.411142 4.562155 8.513976
0.796675 2.286197 6.089384
0.430142 4.598564 0.277010
6.972648 7.058325 4.105218
6.850396 2.247359 1.046888
1.902469 7.241583 8.133166
2.556998 1.166140 6.162863
1.608430 3.827358 2.923412
8.688989 4.040965 3.339675
9.664583 3.595777 3.547108
6.649381 1.605653 0.990502
5.117546 7.117823 1.846253
9.366369 2.242259 2.785201
4.522998 8.659024 8.545443
6.486721 3.982043 7.125477
5.998317 2.292980 8.681673
4.968728 7.253054 0.448281
7.609847 8.432047 4.575494
4.633019 0.221790 0.649853
9.196504 0.131831 3.811478
2.872871 9.725707 9.855299
6.938328 1.581354 2.510428
6.081068 1.240561 1.780294
0.895773 9.506023 4.748425
1.689020 8.026376 4.621931
9.529452 5.639112 8.697654
8.552338 5.588451 7.111305
0.464653 7.212712 1.956074
9.237500 4.843986 7.783803
0.752362 9.979685 0.214392
0.000000 0.000000 0.000000
